[37;1m2023-10-18 18:57:56.035 [31;1m[[37;1mRTPS_TRANSPORT_SHM[31;1m Error] [37mFailed init_port fastrtps_port9673: open_and_lock_file failed[34;1m -> Function [36mopen_port_internal[m
At time 1697630277.21303593
- Translation: [0.000, 0.000, 0.000]
- Rotation: in Quaternion [0.000, 0.000, -0.141, 0.990]
- Rotation: in RPY (radian) [0.000, 0.000, -0.282]
- Rotation: in RPY (degree) [0.000, 0.000, -16.159]
- Matrix:
  0.960  0.278  0.000  0.000
 -0.278  0.960 -0.000  0.000
 -0.000  0.000  1.000  0.000
  0.000  0.000  0.000  1.000
At time 1697630278.28539802
- Translation: [0.000, 0.000, 0.000]
- Rotation: in Quaternion [0.000, 0.000, -0.141, 0.990]
- Rotation: in RPY (radian) [0.000, 0.000, -0.282]
- Rotation: in RPY (degree) [0.000, 0.000, -16.159]
- Matrix:
  0.960  0.278  0.000  0.000
 -0.278  0.960 -0.000  0.000
 -0.000  0.000  1.000  0.000
  0.000  0.000  0.000  1.000
At time 1697630279.21386404
- Translation: [0.000, 0.000, 0.000]
- Rotation: in Quaternion [0.000, 0.000, -0.141, 0.990]
- Rotation: in RPY (radian) [0.000, 0.000, -0.282]
- Rotation: in RPY (degree) [0.000, 0.000, -16.159]
- Matrix:
  0.960  0.278  0.000  0.000
 -0.278  0.960 -0.000  0.000
 -0.000  0.000  1.000  0.000
  0.000  0.000  0.000  1.000
At time 1697630280.29087724
- Translation: [0.000, 0.000, 0.000]
- Rotation: in Quaternion [0.000, 0.000, -0.141, 0.990]
- Rotation: in RPY (radian) [0.000, 0.000, -0.282]
- Rotation: in RPY (degree) [0.000, 0.000, -16.159]
- Matrix:
  0.960  0.278  0.000  0.000
 -0.278  0.960 -0.000  0.000
 -0.000  0.000  1.000  0.000
  0.000  0.000  0.000  1.000
At time 1697630281.20618971
- Translation: [0.000, 0.000, 0.000]
- Rotation: in Quaternion [0.000, 0.000, -0.141, 0.990]
- Rotation: in RPY (radian) [0.000, 0.000, -0.282]
- Rotation: in RPY (degree) [0.000, 0.000, -16.159]
- Matrix:
  0.960  0.278  0.000  0.000
 -0.278  0.960 -0.000  0.000
 -0.000  0.000  1.000  0.000
  0.000  0.000  0.000  1.000
At time 1697630282.29191753
- Translation: [0.891, -0.258, 0.000]
- Rotation: in Quaternion [0.000, 0.000, -0.141, 0.990]
- Rotation: in RPY (radian) [0.000, 0.000, -0.282]
- Rotation: in RPY (degree) [0.000, 0.000, -16.159]
- Matrix:
  0.960  0.278  0.000  0.891
 -0.278  0.960 -0.000 -0.258
 -0.000  0.000  1.000  0.000
  0.000  0.000  0.000  1.000
At time 1697630283.21333710
- Translation: [1.541, -0.340, 0.000]
- Rotation: in Quaternion [0.000, 0.000, -0.126, 0.992]
- Rotation: in RPY (radian) [0.000, 0.000, -0.252]
- Rotation: in RPY (degree) [0.000, 0.000, -14.423]
- Matrix:
  0.968  0.249  0.000  1.541
 -0.249  0.968 -0.000 -0.340
 -0.000  0.000  1.000  0.000
  0.000  0.000  0.000  1.000
At time 1697630284.28806321
- Translation: [0.795, -0.083, 0.000]
- Rotation: in Quaternion [0.000, 0.000, -0.829, 0.559]
- Rotation: in RPY (radian) [0.000, 0.000, -1.955]
- Rotation: in RPY (degree) [0.000, 0.000, -112.010]
- Matrix:
 -0.375  0.927  0.000  0.795
 -0.927 -0.375 -0.000 -0.083
 -0.000  0.000  1.000  0.000
  0.000  0.000  0.000  1.000
At time 1697630285.20504873
- Translation: [0.328, -1.068, 0.000]
- Rotation: in Quaternion [0.000, 0.000, -0.727, 0.687]
- Rotation: in RPY (radian) [0.000, 0.000, -1.628]
- Rotation: in RPY (degree) [0.000, 0.000, -93.250]
- Matrix:
 -0.057  0.998  0.000  0.328
 -0.998 -0.057 -0.000 -1.068
 -0.000  0.000  1.000  0.000
  0.000  0.000  0.000  1.000
At time 1697630286.28557778
- Translation: [0.862, -1.287, 0.000]
- Rotation: in Quaternion [0.000, 0.000, -0.831, 0.556]
- Rotation: in RPY (radian) [0.000, 0.000, -1.963]
- Rotation: in RPY (degree) [0.000, 0.000, -112.449]
- Matrix:
 -0.382  0.924  0.000  0.862
 -0.924 -0.382 -0.000 -1.287
 -0.000  0.000  1.000  0.000
  0.000  0.000  0.000  1.000
At time 1697630287.21290684
- Translation: [1.316, -1.008, 0.000]
- Rotation: in Quaternion [0.000, 0.000, -0.847, 0.532]
- Rotation: in RPY (radian) [0.000, 0.000, -2.021]
- Rotation: in RPY (degree) [0.000, 0.000, -115.774]
- Matrix:
 -0.435  0.901  0.000  1.316
 -0.901 -0.435 -0.000 -1.008
 -0.000  0.000  1.000  0.000
  0.000  0.000  0.000  1.000
At time 1697630288.28581443
- Translation: [0.892, -0.245, 0.000]
- Rotation: in Quaternion [0.000, 0.000, 0.914, -0.406]
- Rotation: in RPY (radian) [0.000, -0.000, -2.305]
- Rotation: in RPY (degree) [0.000, -0.000, -132.090]
- Matrix:
 -0.670  0.742  0.000  0.892
 -0.742 -0.670  0.000 -0.245
  0.000  0.000  1.000  0.000
  0.000  0.000  0.000  1.000
At time 1697630289.20833665
- Translation: [0.471, -0.060, 0.000]
- Rotation: in Quaternion [0.000, 0.000, -0.852, 0.524]
- Rotation: in RPY (radian) [0.000, 0.000, -2.040]
- Rotation: in RPY (degree) [0.000, 0.000, -116.856]
- Matrix:
 -0.452  0.892  0.000  0.471
 -0.892 -0.452 -0.000 -0.060
 -0.000  0.000  1.000  0.000
  0.000  0.000  0.000  1.000
At time 1697630290.28804597
- Translation: [0.237, -0.015, 0.000]
- Rotation: in Quaternion [0.000, 0.000, -0.817, 0.577]
- Rotation: in RPY (radian) [0.000, 0.000, -1.912]
- Rotation: in RPY (degree) [0.000, 0.000, -109.545]
- Matrix:
 -0.335  0.942  0.000  0.237
 -0.942 -0.335 -0.000 -0.015
 -0.000  0.000  1.000  0.000
  0.000  0.000  0.000  1.000
At time 1697630291.20610781
- Translation: [0.119, -0.004, 0.000]
- Rotation: in Quaternion [0.000, 0.000, -0.799, 0.602]
- Rotation: in RPY (radian) [0.000, 0.000, -1.850]
- Rotation: in RPY (degree) [0.000, 0.000, -105.997]
- Matrix:
 -0.276  0.961  0.000  0.119
 -0.961 -0.276 -0.000 -0.004
 -0.000  0.000  1.000  0.000
  0.000  0.000  0.000  1.000
At time 1697630292.28703168
- Translation: [0.060, -0.001, 0.000]
- Rotation: in Quaternion [0.000, 0.000, -0.789, 0.614]
- Rotation: in RPY (radian) [0.000, 0.000, -1.819]
- Rotation: in RPY (degree) [0.000, 0.000, -104.242]
- Matrix:
 -0.246  0.969  0.000  0.060
 -0.969 -0.246 -0.000 -0.001
 -0.000  0.000  1.000  0.000
  0.000  0.000  0.000  1.000
At time 1697630293.20745644
- Translation: [0.030, -0.000, 0.000]
- Rotation: in Quaternion [0.000, 0.000, -0.785, 0.620]
- Rotation: in RPY (radian) [0.000, 0.000, -1.804]
- Rotation: in RPY (degree) [0.000, 0.000, -103.385]
- Matrix:
 -0.231  0.973  0.000  0.030
 -0.973 -0.231 -0.000 -0.000
 -0.000  0.000  1.000  0.000
  0.000  0.000  0.000  1.000
At time 1697630294.29226882
- Translation: [0.015, -0.000, 0.000]
- Rotation: in Quaternion [0.000, 0.000, -0.782, 0.623]
- Rotation: in RPY (radian) [0.000, 0.000, -1.797]
- Rotation: in RPY (degree) [0.000, 0.000, -102.960]
- Matrix:
 -0.224  0.975  0.000  0.015
 -0.975 -0.224 -0.000 -0.000
 -0.000  0.000  1.000  0.000
  0.000  0.000  0.000  1.000
At time 1697630295.20567471
- Translation: [0.007, -0.000, 0.000]
- Rotation: in Quaternion [0.000, 0.000, -0.781, 0.624]
- Rotation: in RPY (radian) [0.000, 0.000, -1.793]
- Rotation: in RPY (degree) [0.000, 0.000, -102.752]
- Matrix:
 -0.221  0.975  0.000  0.007
 -0.975 -0.221 -0.000 -0.000
 -0.000  0.000  1.000  0.000
  0.000  0.000  0.000  1.000
